make[1]: Entering directory '/home/travis/build/dimsumlabs/dsl-accounts'
git describe --always --dirty
3715175

./balance.py --split grid --display_days_prev 410
                    2020-05  2020-06  2020-07  2020-08  2020-09  2020-10  2020-11  2020-12  2021-01  2021-02  2021-03  2021-04  2021-05 [2021-06] 2021-07  2021-08 
bills:br                -20      -20      -30      -20      -20      -20      -20      -20      -20      -20      -20      -20      -20      -20                  
bills:dns               -10      -10      -10      -10      -10      -10      -10      -10      -10      -10      -10      -10      -10      -10      -10      -10
bills:electricity      -211     -236     -240     -219     -213  -114.86  -392.14     -352     -494     -293     -419                                             
bills:hosting           -40      -40      -40      -40      -40      -40      -40      -40                                                                        
bills:internet         -238     -238     -238     -268     -268     -268     -268     -268     -268     -268     -268     -268     -268                           
bills:meetup           -207                                                                                                                                       
bills:rent         -14422.5   -14000   -14000   -14000   -14000   -14000   -14000   -14000   -14000   -14000   -14000   -14000   -14000   -14000                  
bills:upkeep                              -60                                          -35                                                                        
bills:water              -1       -1       -1       -1       -1       -1       -1    -4.30       -3       -2       -2       -2                                    
donation                       93.25               100      100      100      130                                                            320                  
donation:members     257.85    51.40   150.50     50.3       50    50.53    50.94       10       10       10       10       10       10       10       10       10
dues:alex            670.35   670.35   670.35   670.35   670.35   670.35   670.35   670.35      700      700      700      700                                    
dues:anders                                                                                                                               478.15                  
dues:anthony         958.65   958.65   958.65   958.65   958.65   958.65   958.65   958.65   958.65   958.65                                                      
dues:antonia            700      700      700      700      700      700      700      700      700      700      700      700      700      700                  
dues:ella                                                                                                                  300      300                           
dues:felix             1000     1000     1000     1000     1000     1000     1000     1000     1000     1000     1000     1000                                    
dues:hamish             700      700      700      700      700      700      700                                                                                 
dues:jerry                                500      500                                                                     500                                    
dues:kerrie                                                                                                       700      700      700      700                  
dues:khng                                                   300      300      300      300      300      700      700      700      700      700                  
dues:kimlegend                                                                                                    500                                             
dues:lawrence        670.35   670.35   670.35   670.35   670.35   670.35   670.35   670.35                                                                        
dues:lio             958.65   958.65   958.65                                                                                                                     
dues:manolis         670.35   670.35   670.35   670.35   670.35   670.35   670.35   670.35   670.35   670.35   670.35   670.35   670.35                           
dues:max                300      300      300      300      300      300      300      300      300      300      300      300      300      300                  
dues:meebey            1000     1000     1000     1227     1337     1337     1337     1337     1337     1337     1337     1337     1337     1337                  
dues:mikael                   666.85                                                                                                                              
dues:neil            766.45      808      808      808      808      808      808      808      808      808      808      808      808      808      808         
dues:neilg           666.85   666.85   666.85                                                                                                                     
dues:nick               500                                          700      808                                                                                 
dues:nicolas            700      700      700      700      700   707.07   707.11   707.12   707.01      700      700   707.04      700      700                  
dues:noche                       300                                                                                                                              
dues:philip            1000     1000     1000     1000     1000     1000     1000     1000     1000     1000     1000     1000     1000     1000     1000         
dues:richard         670.35   670.35   670.35   670.35   670.35   670.35   670.35   670.35   670.35   670.35   670.35   670.35   670.35   670.35                  
dues:sayon           670.35   670.35   670.35   670.35   670.35   670.35      700                                                                                 
dues:sunny           670.35   670.35   670.35   670.35   670.35   670.35   670.35                                                                                 
dues:vincentdjojo                                                                      300                                                                        
dues:yeojin             700      700      700      700      700      700      700                                                                                 
fridge                165.7      674      520    305.7      860   679.40    449.3      308    105.5    128.2      720      877      830      900                  
loan                                                                                                            17500               500     5000                  
supporters            93.25    93.25    93.25    93.25    93.25    93.25    93.25    93.25    93.25    93.25    93.25    93.25   293.25      200                  
unknown                   0        0        0        0        0        0        0        0             93.25        0                 0        0                  
workshop                                                             450       50                                1300      350                                    

MONTH Sub Total        -660      848      159    -1393     -923   152.14  -587.14 -4225.88 -5434.89 -4723.95 14689.95 -2877.01 -4779.05  -206.50     1808        0
RUNNING Balance    18707.70 19555.70 19714.70 18321.70 17398.70 17550.84 16963.70 12737.82  7302.93  2578.98 17268.93 14391.92  9612.87  9406.37 11214.37 11214.37
TOTAL:     11214.37

./balance.py --split --filter 'rel_months>-15' stats
                 2020-05    2020-06    2020-07    2020-08    2020-09    2020-10    2020-11    2020-12    2021-01    2021-02    2021-03    2021-04    2021-05    Average    MonthTD      Total
outgoing          -15868     -15142     -15150     -15029     -14968     -14796     -15189     -15034     -14903     -15029     -15086     -14493     -14365     -15004     -14082    -195045
incoming           15207      15989      15308      13635      14045      14947      14601      10808       9467      10305      29775      11615       9585      14253      13875     185290

 dues:             13972      14481      14014      12615      12525      13232      13370      10092       9151       9544       9785      10092       7885      11597       7393     150764
 other:              907       1181       1000        800       1300       1495       1040        556        215        660      19930       1463       1640       2476       6430      32190

nr members            19         20         19         17         17         18         18         14         12         12         13         14         11         15         10         27
ARPM                 735        724        737        742        736        735        742        720        762        795        752        720        716        773        739       5583

members needed
 dues 500             32         31         31         31         30         30         31         31         30         31         31         29         29         31
 dues 700             23         22         22         22         22         22         22         22         22         22         22         21         21         22
 dues 739             22         21         21         21         21         21         21         21         21         21         21         20         20         21
 dues 773             21         20         20         20         20         20         20         20         20         20         20         19         19         20
dues needed
 members 10         1586       1514       1514       1502       1496       1479       1518       1503       1490       1502       1508       1449       1436       1500
 members 15         1057       1009       1009       1001        997        986       1012       1002        993       1001       1005        966        957       1000
 members 17          933        890        891        884        880        870        893        884        876        884        887        852        844        882
 members 30          528        504        504        500        498        493        506        501        496        500        502        483        478        500

Note: Total column does not include MonthTD numbers


make[1]: Leaving directory '/home/travis/build/dimsumlabs/dsl-accounts'
